장애유형별,매우 많음,약간 받고 있음,별로 받지 못하고 있음,전혀 받지 못하고 있음
총,3.6,32.2,49,15.2
지체장애,2.4,26.3,54.5,16.9
뇌병변장애,6.3,37,43.3,13.4
시각장애,2.6,28.4,51.5,17.5
청각장애,2.6,33,48.4,16
언어장애,3.2,33.4,55.6,7.7
지적장애,4.8,52.5,34.1,8.6
자폐성장애,5.8,52.4,30.7,11.2
정신장애,11.2,49.1,31.2,8.5
신장장애,9.6,47.7,34.3,8.5
심장장애,0,37.6,53.7,8.7
호흡기장애,4.1,44.2,41.5,10.2
간장애,2.8,34.5,36.3,26.5
안면장애,0,31.4,47.3,21.3
장루‧요루장애,4.5,25.6,52.6,17.3
뇌전증(간질)장애,7.6,59,26.5,6.8
